7 7
0000000
0011110
0111100
0011100
0111100
0111100
0000000
16 7
0000000
0011110
0111100
0011100
0111100
0111100
0000000
0011000
0100110
0000000
0001000
0010100
0010000
0111000
0111000
0000000
4 4
0000
0000
0010
0000
5 5
00000
00100
01110
00100
00000
3 7 
0000000
0111110
0000000
4 7
0000000
0011000
0100100
0000000
7 3
000
010
010
010
010
010
000
5 5
00000
01000
01000
01110
00000
5 5
00000
01010
01010
01110
00000
7 7
0000000
0100010
0010100
0001000
0010100
0100010
0000000
5 4
0000
0110
0110
0100
0000
0 0